100663623|2
113052887|34
113052925|30
113052929|9
113052936|8
113053034|10
113053114|1
113053226|1
113053228|12
113055014|2
113056229|85
113056234|66
113056265|33
113056268|13
113056440|1
113056547|12
113059506|1
113059661|15
113059665|22
113059667|13
113060417|130
113062205|23
113062428|12
113062520|10
113062522|20
113062797|127
113062943|16
113064012|2
122486812|7
124126682|25
124126686|8
124126722|16
124127296|12
124127301|4
124127307|3
124127315|1
124127317|3
124127319|18
124127321|2
124127324|2
124127879|6
124131251|3
124131713|8
124131732|1
124131734|1
124131737|1
124131739|4
124131744|2
124131874|6
124132075|5
124132147|3
124132158|1
124132174|10
124132176|6
124132184|6
124132262|3
124132373|28
124132560|1
124132563|12
124132600|1
124132608|12
124132738|3
124132759|10
124133053|1
124133104|8
124133107|2
124133296|1
124133463|1
124133475|1
124133675|7
124133756|1
124133791|30
126746794|4
126746796|2
126748193|1
128155973|1
128156233|1
128156238|1
128156240|1
128156294|3
128156325|2
128156331|2
128156332|2
128156334|2
128156345|1
128156347|1
128156348|1
128156349|1
128156351|1
128156353|1
128156359|1
128156360|1
128156361|1
128156365|1
128156366|1
128156367|1
128156368|1
128156369|1
128156370|1
128156371|1
128156372|1
128156373|1
128156375|1
128156376|2
128156377|1
128156378|1
128156380|1
128156381|2
128156385|1
128156388|1
128156389|1
128156390|1
128156392|2
128156415|4
128156419|8
128156420|4
128156422|3
128156424|2
128156425|2
128156468|5
128156472|3
128156485|21
128157435|2
128157437|6
128157442|10
128157444|3
128157447|2
128157791|2
128157793|5
128157801|2
128157807|7
128157809|7
128157813|1
128157815|7
128157821|3
128157829|5
128157843|3
128157847|2
128157868|19
128157869|3
128157877|2
128157885|2
128157893|2
128157902|1
128157906|1
128157911|3
128157912|2
128157914|3
128157915|3
128157916|6
128157924|1
128157929|2
128157937|2
128157945|3
128157954|1
128157959|1
128157969|5
128157977|2
128157988|2
128157993|1
128157996|2
128158005|2
128158011|2
128158012|2
128158016|7
128158021|3
128158028|3
128158036|1
128158056|1
128158067|1
128158076|1
128158077|1
128158079|4
128158080|1
128158081|1
128158086|1
128158145|1
128158146|1
128158147|1
128158148|1
128158149|1
128158150|1
128158151|1
128158186|1
128158187|1
128158189|4
128158190|1
128158191|1
128158192|1
128158193|1
128158194|1
128158195|1
128158196|1
128158234|4
128158235|1
128158236|1
128158237|1
128158238|1
128158239|1
128158240|1
128158241|1
128158242|1
128158243|1
128158244|1
128158245|1
128158246|1
128158247|1
128158248|1
128158250|1
128158251|1
128158253|1
128158254|4
128158255|1
128158256|1
128158257|1
128158258|1
128158259|1
128158260|1
128158262|1
128158264|1
128158265|1
128158266|1
128158267|1
128158268|1
128158269|1
128158270|1
128158271|1
128158272|1
128158273|1
128158274|1
128158275|1
128158276|1
128158277|1
128158278|1
128158279|1
128158280|1
128158281|1
128158282|1
128158283|1
128158284|1
128158326|4
128158327|1
128158329|1
128158331|1
128158332|1
128158333|1
128158334|1
128158335|1
128158336|2
128158337|1
128158338|1
128158339|1
128158340|1
128158343|1
128158345|1
128158346|1
128158347|1
128158348|1
128158349|1
128158350|1
128158351|1
128158352|1
128158355|1
128158356|1
128158357|1
128158358|1
128158359|1
128158360|1
128158361|1
128158362|5
128158363|1
128158364|1
128158366|1
128158369|1
128158370|1
128158371|1
128158373|4
128158374|1
128158375|1
128158376|1
128158378|1
128158379|1
128158380|1
128158382|1
128158384|1
128158386|1
128158387|1
128158388|1
128158389|1
128158390|1
128158391|1
128158392|1
128158394|1
128158398|1
128158399|1
128158400|1
128158402|1
128158403|1
128158404|1
128158405|1
128158406|1
128158407|1
128158408|1
128158409|1
128158410|1
128158413|1
128158414|1
128158415|1
128158416|1
128158417|1
128158418|1
128158419|1
128158420|1
128158421|1
128158422|1
128158423|1
128158424|1
128158425|1
128158426|1
128158427|1
128158522|4
128158523|1
128158524|1
128158525|1
128158527|1
128158528|1
128158529|1
128158531|1
128158532|1
128158534|1
128158536|1
128158537|1
128158539|1
128158541|1
128158542|1
128158543|1
128158544|1
128158545|1
128158547|1
128158548|1
128158549|1
128158550|1
128158552|1
128158553|1
128158556|1
128158557|1
128158563|1
128158564|1
128158565|1
128158566|1
128158567|1
128158568|1
128158569|1
128158570|1
128158571|1
128158572|1
128158573|1
128158574|1
128158575|1
128158576|1
128158623|2
128158624|1
128158626|1
128158628|1
128158630|1
128158631|1
128158633|1
128158634|1
128158636|1
128158637|1
128158638|1
128158639|2
128158640|1
128158641|1
128158642|1
128158643|1
128158644|1
128158679|3
128158680|1
128158683|1
128158684|1
128158685|1
128158686|1
128158687|1
128158688|1
128158689|1
128158691|1
128158693|1
128158694|1
128158695|1
128158697|1
128158698|1
128158699|1
128158700|1
128158702|1
128158703|1
128158704|1
128158705|1
128158706|1
128158707|1
128158708|1
128158709|1
128158710|1
128158711|1
128158712|1
128158729|3
128158730|1
128158732|1
128158733|1
128158735|1
128158736|1
128158738|1
128158739|1
128158740|1
128158741|1
128158742|1
128158743|1
128158744|1
128158745|1
128158747|1
128158748|1
128158749|1
128158750|1
128158752|1
128158753|1
128158754|1
128158755|1
128158756|1
128158757|1
128158758|1
128158759|1
128158760|1
128158761|1
128158762|1
128158770|2
128158771|1
128158815|4
128158816|1
128158817|1
128158818|1
128158819|1
128158820|1
128158821|1
128158822|1
128158823|1
128158824|2
128158825|1
128158826|1
128158827|1
128158828|1
128158829|2
128158830|1
128158832|4
128158833|1
128158834|1
128158835|1
128158836|1
128158837|1
128158838|1
128158841|1
128158842|1
128158843|1
128158845|1
128158846|1
128158848|1
128158850|1
128158851|1
128158852|1
128158853|1
128158854|1
128158855|2
128158857|1
128158858|1
128158859|1
128158860|1
128158861|1
128158862|1
128158864|1
128158865|1
128158866|1
128158867|1
128158868|1
128158869|1
128158870|1
128158871|1
128158872|1
128158873|1
128158874|1
128158875|1
128158906|4
128158907|1
128158910|1
128158911|1
128158912|1
128158914|1
128158915|1
128158916|1
128158917|1
128158919|1
128158920|1
128158921|1
128158923|1
128158924|1
128158927|1
128158928|1
128158929|1
128158930|1
128158931|1
128158932|1
128158933|1
128158934|1
128158935|1
128158936|1
128158937|4
128158938|1
128158940|1
128158942|1
128158945|1
128158946|1
128158947|1
128158948|1
128158949|1
128158950|1
128158951|1
128158952|1
128158953|1
128158954|1
128158955|1
128158956|1
128159029|4
128159030|1
128159031|1
128159033|1
128159034|1
128159035|1
128159036|1
128159039|1
128159040|1
128159042|1
128159043|1
128159044|1
128159045|1
128159046|1
128159047|1
128159049|1
128159050|1
128159051|1
128159052|1
128159053|1
128159054|1
128159055|1
128159056|1
128159057|1
128159058|1
128159059|1
128159060|1
128159061|1
128159062|1
128159063|1
128159064|5
128159065|1
128159066|1
128159100|4
128159101|1
128159102|1
128159103|1
128159104|1
128159105|1
128159106|1
128159107|1
128159109|1
128159110|1
128159111|1
128159112|1
128159113|1
128159114|1
128159115|1
128159116|1
128159117|1
128159118|1
128159298|2
128159299|4
128159300|1
128159301|1
128159303|1
128159304|1
128159305|1
128159306|1
128159308|1
128159309|1
128159310|1
128159311|1
128159312|1
128159313|1
128159315|1
128159316|1
128159317|1
128159318|1
128159319|1
128159320|1
128159321|1
128159322|1
128159323|1
128159324|1
128159325|1
128159326|1
128159327|1
128159328|1
128159329|1
128159337|6
128159338|1
128159339|1
128159340|1
128159341|1
128159342|1
128159343|1
128159344|1
128159345|1
128159346|1
128159347|1
128159348|1
128159349|1
128159350|1
128159351|1
128159353|1
128159354|1
128159355|1
128159357|1
128159359|1
128159362|1
128159364|1
128159365|1
128159366|1
128159367|1
128159368|1
128159369|1
128159370|1
128159371|1
128159372|1
128159373|1
128159374|1
128159375|1
128159380|2
128159381|1
128159382|1
128159383|1
128159384|1
128159388|4
128159389|1
128159390|1
128159391|1
128159393|1
128159394|1
128159396|1
128159398|1
128159399|1
128159400|1
128159401|1
128159402|1
128159403|1
128159405|1
128159406|1
128159407|1
128159408|1
128159409|1
128159410|1
128159411|1
128159412|1
128159413|1
128159414|1
128159415|1
128159416|1
128159426|2
128159427|1
128159428|1
128159431|1
128159432|1
128159434|1
128159436|1
128159442|2
128159443|1
128159447|5
128159448|1
128159449|1
128159450|1
128159451|1
128159452|1
128159453|1
128159455|1
128159457|1
128159458|1
128159459|1
128159460|1
128159462|1
128159463|1
128159464|1
128159466|1
128159467|1
128159468|1
128159470|1
128159471|1
128159472|1
128159473|1
128159474|1
128159475|1
128159477|1
128159478|1
128159482|1
128159483|1
128159485|1
128159486|1
128159488|1
128159489|1
128159490|1
128159491|1
128159492|1
128159493|1
128159497|1
128159498|1
128159499|1
128159500|1
128159523|3
128159524|1
128159527|1
128159528|1
128159537|1
128159538|3
128159539|1
128159540|1
128159541|1
128159543|1
128159545|1
128159547|1
128159548|1
128159549|1
128159551|1
128159552|1
128159553|1
128159554|1
128159555|1
128159556|1
128159557|1
128159558|1
128159562|2
128159563|1
128159564|1
128159566|1
128159572|1
128159574|1
128159576|1
128159577|1
128159578|1
128159579|1
128159580|1
128159581|1
128159582|1
128159583|1
128159585|1
128159586|1
128159588|1
128159593|1
128159594|1
128159596|1
128159597|1
128159601|2
128159602|1
128159603|1
128159761|4
128159762|1
128159763|1
128159764|1
128159765|1
128159766|1
128159767|1
128159768|1
128159769|1
128159771|1
128159772|1
128159773|1
128159775|1
128159776|1
128159777|1
128159778|1
128159779|1
128159780|1
128159782|1
128159783|1
128159787|2
128159788|1
128159792|3
128159793|1
128159794|1
128159795|1
128159796|1
128159797|1
128159798|1
128159799|1
128159803|1
128159804|1
128159805|1
128159806|1
128159807|1
128159808|1
128159809|1
128159810|1
128159811|1
128159812|1
128159813|1
128159814|1
128159816|1
128159817|1
128159818|1
128159819|1
128159820|1
128159821|1
128159822|1
128159823|1
128159824|1
128159825|1
128159826|1
128159827|1
128159828|1
128159829|1
128159830|1
128159831|1
128159832|1
128159833|1
128159834|1
128159835|1
128159836|1
128159837|1
128159838|1
128159840|1
128159841|3
128159842|4
128159843|1
128159844|1
128159846|1
128159847|4
128159848|1
128159849|1
128159850|1
128159851|1
128159852|1
128159854|1
128159856|1
128159857|1
128159858|1
128159859|1
128159860|1
128159861|4
128159862|1
128159863|1
128159864|1
128159866|1
128159867|1
128159868|4
128159869|1
128159870|1
128159872|1
128159873|1
128159874|1
128159875|1
128159876|1
128159877|1
128159878|1
128159879|1
128159880|1
128159881|1
128159882|1
128159883|1
128159884|1
128159885|1
128159886|1
128159887|1
128159889|1
128159890|1
128159891|1
128159892|1
128159893|1
128159894|1
128159895|1
128159897|1
128159899|1
128159900|1
128159901|1
128159902|1
128159903|1
128159904|1
128159909|1
128159910|1
128159912|1
128159916|4
128160086|1
128160312|56
128160366|1
128160754|5
128163002|2
128163007|1
128163010|2
128163823|6
128165386|88
128165740|18
128165754|1
128166348|13
128166523|3
128166525|2
128166533|8
128166551|2
128166740|16
128166748|3
128166979|7
128167811|7
128167897|12
128167900|5
128167936|18
128169431|2
128169730|3
128170141|5
128170143|1
128170145|2
128170235|3
128170448|8
128170521|4
128171008|5
128171075|2
128171772|7
128171795|1
128171797|1
128172271|3
128172995|3
128173062|2
128174099|3
128175297|2
128175321|1
128175323|14
128175649|2
128175776|1
128175810|6
128175875|10
128176032|5
128177503|6
128177722|1
128178423|30
128179395|4
128179433|4
128179657|2
128179671|2
128179731|1
128179748|3
128179897|5
128180115|4
128180120|2
128181075|1
128181419|1
128181422|1
128181424|1
128181427|1
128181432|1
128181437|1
128181445|1
128181455|1
128181476|1
128181478|1
128181489|1
128181491|1
128181495|1
128181831|1
128181899|9
128181922|9
128181930|4
128182069|3
128182179|1
128182290|1
128182436|6
128182442|11
128182447|4
128182449|1
128182464|9
128182466|9
128182471|13
128182475|13
128182482|5
128182498|1
128182553|10
128182559|6
128182741|2
128182765|12
128182925|2
128183099|2
128183102|1
128183104|1
128183106|1
128183108|1
128183120|1
128183186|7
128183189|1
128183209|1
128183212|1
128183223|1
128183605|3
128183697|2
128183699|2
128183702|2
128183705|3
128183726|3
128183772|1
128183777|2
128183781|1
128183783|1
128183787|1
128183794|1
128183799|1
128183814|1
128183828|1
128183830|1
128183833|2
128183889|1
128183891|1
128183896|2
128183899|1
128183902|1
128183905|1
128183915|1
128183917|1
128183923|1
128183929|1
128184341|1
128184343|1
128184345|1
128184350|1
128184355|1
128184376|1
128184415|1
128184507|2
128184529|35
128184889|1
128184896|1
128184900|1
128184903|1
128184906|1
128185086|3
128185334|16
128185361|1
128185371|1
128185378|3
128185763|8
128185777|20
128185780|16
128185787|1
128185799|2
128185808|2
128185898|2
128185911|1
128185913|3
128185915|2
128186093|2
128186168|3
128186169|7
128186180|1
128186231|3
128186240|7
128186468|2
128186655|5
128186775|5
128186889|4
128187091|1
128187184|6
128187652|2
128187657|1
128187660|1
128187665|1
128187674|1
128187684|1
128187691|1
128187693|1
128187702|1
128187704|1
128187707|1
128187710|1
128187712|1
128187714|1
128187717|1
128187748|1
128187751|1
128187753|1
128187755|1
128187795|1
128187908|5
128188037|3
128188041|2
128188080|1
128188082|5
128188366|1
128188369|1
128188379|1
136020158|1
136020169|1
136020255|2
136020396|4
136020422|1
136020682|1
136020684|1
136020686|1
136020688|2
136020691|1
136020711|1
136020721|1
136020758|1
136020772|1
136020781|1
136020785|1
136020790|1
136020792|1
136020794|1
136315345|1
136315349|1
136315353|1
136315356|1
136315359|1
136315363|1
136315369|1
136315374|1
136315376|1
136315389|1
136315392|1
136315394|1
136315397|1
136315399|1
136315401|1
136315408|1
136315410|1
136315412|1
136315414|1
136315440|1
136315708|1
136315794|1
136315816|2
136315817|2
136316778|1
136316792|1
136316804|1
136316806|1
136316808|1
136316810|1
136316812|1
136317230|2
137855034|1
137855038|1
137855040|1
137855042|1
137855050|1
137855056|1
137855060|1
137855062|1
137855064|1
137855067|1
137855070|1
137855072|1
137855074|1
137855076|1
137855078|1
137855082|1
137855084|1
137855087|1
138903855|2
138903903|3
138903915|1
138903920|1
138903942|1
138903944|1
138903946|1
138903949|1
138903953|1
138903975|2
138904015|1
138904032|24
138904066|1
138904090|1
138904104|5
138904934|2
138904948|2
138904960|5
138905021|3
138905215|5
138905242|7
138905261|3
138905871|4
138905954|1
138905959|1
138905963|1
138905965|1
138905977|1
138905982|1
138905984|1
138905986|1
138905988|1
138905990|1
138906000|1
138906002|1
138906004|1
138906006|1
138906008|1
138906010|1
138906332|2
138906342|5
138906746|1
138906748|1
138906750|1
138906752|2
138906754|1
138906778|1
138906788|1
138906890|5
138906920|5
138906929|9
138907507|1
138907519|5
138907521|1
138907523|1
138907527|14
138907529|1
138907535|1
138907539|1
138907547|2
138908215|6
138908379|3
138908416|3
138908457|1
138909041|1
138909058|1
138909069|1
138909072|1
138909077|1
138909092|1
138909096|1
138909109|1
138909112|1
138909113|1
138909115|1
138909127|1
138909130|1
138909132|1
138909134|1
138909135|1
138909138|1
138909139|1
138909142|1
138909146|1
138909148|1
138909155|1
138909159|1
138909162|1
138909552|2
138909554|4
140378982|1
140379317|2
140379335|7
140380509|3
140381150|1
140381231|2
140381252|2
140381266|1
140381272|1
140381275|1
140381279|1
140381283|1
140381513|1
140381515|1
140381517|1
140381519|1
140381521|1
140381547|1
140381558|1
140382065|4
140382075|9
140383325|10
140383346|9
140383454|1
140385958|11
140387107|3
140387117|1
140387119|2
140387122|6
140387458|2
140389110|1
140389460|1
140389885|1
140389890|1
140389899|1
140389903|1
140389911|1
140389919|1
140389921|1
140389926|1
140389928|1
140389931|1
140389935|1
140389937|1
140389940|1
140389942|1
140389945|1
140389947|1
140390542|4
140391265|6
140393165|1
140393176|1
140393178|2
140393181|1
140393192|1
140393200|1
140393202|1
140393208|1
140393211|1
140393214|1
140393217|1
140393220|1
140393235|1
140393242|1
140393245|1
140393247|1
140393858|1
140393899|1
140393902|1
140393905|1
140393909|1
140393962|1
140393997|1
140396478|6
140397440|1
140397521|7
140397676|1
140397678|1
140397997|10
140398064|5
140398134|1
140398149|1
140398151|1
140398153|1
140398155|1
140398157|1
140398179|1
140398204|1
140398213|1
140398215|1
140398217|1
140398219|1
140398221|1
140398227|3
140398364|3
140398668|12
140399287|1
140399311|2
140399507|1
140399512|1
140399517|1
140399522|1
140399537|1
140399543|1
140399545|1
140399547|1
140399550|1
140399552|1
140399556|1
140399558|1
140399560|1
140399562|1
140399566|1
140399568|1
140399769|6
140400227|6
140400242|2
140400880|2
140400904|2
140400962|1
140400976|1
140400985|1
140400987|1
140400989|1
140400991|1
140400993|1
140401016|1
140402204|3
140402211|2
140402215|2
140402237|1
140402239|1
140403519|3
140403529|7
140403697|4
140403748|1
140403762|1
140403776|1
140403788|3
140403891|3
140403954|2
140403957|2
140403961|5
140404728|21
140404730|36
140405127|2
140405133|2
143622281|2
143622283|1
143622597|2
143623239|2
143624263|1
143624277|1
143624285|1
143624287|1
143624289|1
143624291|1
143624293|1
143624432|1
143624441|3
143624504|4
143624765|5
143624789|33
143625671|3
143625675|4
143626141|1
143626143|2
143629321|2
143630318|1
143630320|4
143630655|4
143630830|17
143631224|26
143631249|5
143631256|1
143631404|4
143631472|1
143631474|1
143631476|1
143631478|1
143631480|1
143631482|1
143631497|9
143633252|2
143633254|2
143633256|2
143633258|2
143633265|1
143633268|2
143633494|1
143633780|1
143633782|1
143633791|1
143633793|1
143633803|1
143633805|1
143633844|1
143633846|1
143634673|16
143634868|4
143634882|4
143635221|5
143635244|1
143636168|11
143636585|5
143636587|4
143636589|7
143636591|4
143636593|3
143636718|19
143636820|2
143637421|5
143637426|3
143637428|6
143637456|8
143637598|5
143637609|3
143637631|2
143637671|3
143637676|3
143637699|2
143637709|5
143637715|3
143637720|2
143637725|2
143638084|1
143638117|9
143638119|6
143638121|5
143638123|4
143638125|3
143638129|5
143638132|6
143638134|2
143638146|3
143638148|5
143638212|4
143638218|3
143638265|2
143638268|2
143638271|2
143638274|2
143638297|3
143638306|7
143638309|8
143638311|4
143638315|3
143638321|3
143638323|7
143638325|3
143638328|3
143638331|4
143638334|3
143638336|3
143638338|7
143638366|2
143638385|2
143638418|2
143638447|4
143638455|5
143638476|3
143638481|2
143638485|4
143638489|5
143638501|2
143638510|2
143638529|3
143638531|2
143638539|3
143638553|2
143638562|2
143638564|2
143640875|1
143640879|2
143640892|1
143640895|4
143641768|5
143644382|15
143645852|2
143649697|2
143651046|2
143651307|25
143652998|1
143653000|1
143653002|1
143653004|1
143653011|1
143653016|1
143653018|1
143653020|1
143653023|1
143653053|1
146539037|7
146539285|7
146539308|2
146539320|4
146539352|2
146539363|3
146539396|3
146539409|2
146539421|1
146540020|34
146540294|2
146541468|1
146541470|1
146541478|7
146543658|1
146545750|2
146546953|3
146548286|11
146548742|1
146549304|4
146549308|5
146549654|4
146549660|9
146549665|3
146549668|5
146549672|1
146549678|7
146549680|1
146549684|1
146549686|2
146549688|1
146549690|1
146549692|2
146549694|1
146549696|1
146549698|1
146549700|1
146549703|1
146549706|2
146549709|3
146549712|1
146549713|8
146549715|1
146549766|4
146550008|3
146550010|3
146550012|2
146550014|1
146550722|7
146550834|2
146551087|1
146551089|1
146551091|1
146551097|1
146551100|1
146551165|1
146551172|1
146551175|1
146551179|1
146551182|1
146551186|1
146551191|1
146551194|1
146551197|1
146551222|1
146551583|1
146551602|4
146551609|1
146551617|1
146551646|1
146551676|1
146551684|1
146551692|1
146551700|1
146551708|1
146551716|1
146551724|1
146551732|1
146551740|3
146551894|3
146551914|2
146551993|1
146552117|1
146552190|3
146552781|1
146553109|7
146553854|1
146553861|1
146553863|1
146553865|1
146553867|1
146553870|1
146553875|1
146553879|1
146553883|1
146553886|1
146553888|1
146553890|1
146554211|1
146554574|1
146554578|1
146555482|1
146555492|2
146555496|1
146555498|1
146555500|1
146555521|2
152505823|1
152506806|10
152506920|45
152506921|16
152506985|15
152507054|1
152507058|1
152507071|1
152507485|2
152507496|7
152508192|11
152508194|3
152508202|11
152508206|11
152508212|1
152508660|16
152508725|3
152510103|4
152510107|2
152510502|2
152510919|1
152511336|4
152511620|9
154042495|3
154697845|4
154697849|5
154698384|6
154699803|6
154699805|2
154699947|2
154699952|4
154700271|1
154700275|2
154700278|1
154700281|3
154700285|1
154700287|1
154700290|1
154700293|1
154700295|1
154700297|1
154700300|1
154700303|1
154700307|1
154700316|1
154700915|2
154700921|2
154700940|4
154701314|1
154701345|1
154701352|1
154701353|1
154706316|2
154706769|1
154706771|2
154707711|5
154708507|1
154708509|2
154708511|1
154709956|1
154711143|8
154711601|40
154712116|2
154712154|3
154713067|110
154713074|2
154713080|2
154713087|2
154713091|5
154713096|2
154713100|4
154713113|2
154713119|1
154713178|8
154713327|19
154713386|3
154713391|1
154713415|4
154713665|2
154713681|3
154713728|1
154713804|2
154713808|3
154713810|2
154713822|3
154713832|2
154713841|2
154713847|1
154713850|1
154713852|1
154713855|1
154713859|1
154713879|2
154713908|2
154713922|1
154713933|1
154714071|1
154714106|1
154714111|1
154714113|1
154714118|1
154714121|1
154714126|1
154714131|1
154714134|1
154714238|1
154714264|1
154714299|1
154715084|9
154715396|1
154716479|3
154716523|2
154716554|2
154717969|4
154717979|1
154718305|2
154718476|2
154719285|3
154720355|2
154721715|10
154721756|4
154722268|3
154722270|1
154722278|3
154722606|1
154722696|13
154722702|1
154722708|1
154722710|4
154722980|4
154723029|2
154723650|10
158729125|2
159293662|18
159294430|7
159294836|1
160268486|18
161841177|3
161841194|6
161841205|3
161841324|7
161841483|1
161841555|17
161841590|21
161841869|2
161841897|25
161841900|5
161841980|2
161841994|2
161842008|6
161842039|3
161842661|10
161842771|22
161842775|55
161842815|3
161842817|1
161842822|2
161842831|13
161842833|2
161842837|5
161842839|3
161842841|2
161842979|4
161842984|2
161843040|4
161843057|2
161843059|2
161843223|6
161843229|27
161843233|20
161843235|64
161843276|4
161843773|23
161843775|10
161843777|27
161843798|33
161843800|12
161843802|2
161843804|20
161843806|2
161843808|20
161844010|1
161844030|2
161844734|8
161844749|19
161844793|17
161844827|11
161844835|5
161845027|7
161845045|1
161845103|1
161845132|7
161845134|22
161845135|3
161845157|3
161845165|3
161845879|12
161846013|9
161846022|1
161846024|1
161846030|1
161846036|2
161846042|1
161846044|1
161846048|4
161846158|13
161846180|3
161846515|13
161846518|10
161846520|5
161846522|10
161846524|17
161846526|4
161846557|6
161846797|10
163611554|2
164331950|3
164331995|1
164332033|4
164954529|7
164956862|2
164956865|5
164956977|9
164957070|1
164957313|4
164957319|8
164957327|2
164957718|27
164957755|1
164957764|4
164957807|11
164957808|1
164957907|3
164957909|2
164957911|3
164957958|6
164957965|4
164958008|5
164958022|2
164959093|2
164959116|1
164959134|9
164959257|2
164959290|1
164959297|1
164959360|1
164959661|3
164959689|10
164959772|1
164959777|1
164959842|6
164959843|2
164959872|1
164959988|1
164960078|3
164960080|5
164960090|1
164960264|2
164960359|1
164960443|1
164960510|2
164960516|1
164960545|3
164960556|1
164960994|4
164961001|3
164961176|1
164961339|14
164961387|1
164961848|1
164962340|5
164962452|5
164962453|4
164962465|3
164962498|27
164962551|10
164963039|6
164963041|4
164963043|4
164963045|6
164963153|4
164963339|3
164963531|7
164964021|1
164964051|13
164964814|17
164964815|3
164964820|1
164964821|3
164964822|1
164964829|1
164964962|3
164964978|4
164965097|1
164965105|1
164965115|10
164965152|3
164965153|1
164965164|2
164965216|8
164965217|1
164965222|1
164965236|1
164965252|2
164965253|1
164965257|1
164965259|3
164965261|2
164965327|1
164965350|1
164965397|2
164965532|1
164965539|2
164965552|2
164965612|4
164965634|3
164965653|1
164965892|2
164965899|1
164965903|1
164965913|2
164965914|1
164965916|1
164965918|1
164965920|1
164965929|1
164965933|1
164965935|1
164965937|1
164965939|1
164965941|1
164965945|1
164966006|1
164966024|1
164966031|1
164966037|1
164966047|1
164966050|1
164966053|1
164966055|1
164966057|1
164966062|2
164966066|1
164966072|1
164966074|1
164966077|1
164966082|1
164966084|1
164966088|1
164966288|2
164966302|2
164966306|1
164966309|1
164966310|1
164966311|1
164966318|1
164966321|1
164966326|1
164966327|1
164966541|3
164966609|2
164966612|2
164966618|3
164966622|2
164966624|6
164966626|3
164966632|1
164966635|4
164966814|2
164966831|1
164966882|1
164967228|1
164967692|2
164967694|2
164967699|5
164967787|6
164967796|5
164967864|1
164967877|3
164967913|1
164967915|1
164967919|2
164967925|1
164967928|1
164967930|1
164967934|1
164967944|1
164967946|1
164967948|1
164967950|1
164967952|2
164967957|1
164967959|2
164967966|1
164968108|4
164968267|1
164968269|1
164968271|1
164968273|1
164968275|1
164968277|1
164968279|1
164968281|1
164968283|1
164968285|1
164968287|2
164968289|1
164968291|1
164968403|2
164968413|1
164968415|1
164968422|1
164968424|1
164968429|1
164968435|1
164968437|2
164968650|14
164969967|24
164970243|6
164970260|1
164970262|1
164970264|1
164970268|1
164970270|1
164970272|1
164970274|1
164970279|1
164970283|1
164970286|1
164970288|2
164970291|1
164970306|1
164970308|1
164970315|1
164970362|2
164970365|7
164970367|2
164970369|4
164970371|2
164970375|9
164970377|11
164970379|2
164970381|2
164970383|3
164970385|5
164970387|1
164970390|1
164970392|3
164970394|1
164970396|1
164970492|2
164970523|36
164970692|3
164970694|1
164970696|1
164970702|12
164970758|1
164970761|1
164970763|1
164970767|1
164970769|1
164970771|1
164970773|1
164970775|1
164970777|1
164970779|1
164970781|1
164970783|1
164970785|1
164970788|5
164970792|10
164970794|6
164970796|5
164970892|3
164970903|1
164970907|3
164970910|3
164970916|4
164970919|3
164970921|1
164970924|1
164970926|3
164970928|1
164970930|9
164970936|8
164970939|4
164970941|4
164970944|2
164970947|1
164970949|2
164971018|1
164971020|1
164971258|1
164971308|2
164971452|1
164971595|2
164971603|1
164971663|1
164971676|2
164971911|3
164971914|2
164971917|3
164971919|2
164971934|20
164971939|4
164971958|1
164971990|1
164972128|15
164972136|1
164972141|1
164972144|1
164972150|1
164972154|1
164972161|1
164972165|1
164972170|1
164972172|1
164972174|1
164972179|1
164972184|1
164972193|1
164972198|1
164972204|1
164972290|1
164972545|1
164972548|2
164972556|1
164972561|1
164972566|1
164972568|1
164972571|1
164972574|1
164972576|1
164972578|1
164972580|1
164972583|1
164972586|1
164972713|2
164973105|1
164973107|1
164973115|1
164973125|1
164973127|1
164973133|1
164973147|1
164973149|1
164973194|1
164974769|11
164974786|3
164974819|1
164974821|1
164974823|1
164974825|1
164974827|1
164974831|1
164974833|1
164974835|1
164974850|6
164975008|1
164975012|1
164975016|1
164975019|1
164975023|1
164975025|1
164975031|1
164975033|1
164975051|1
164975114|1
164975116|1
164975121|1
164975125|1
164975127|1
164975129|1
164975131|1
164975133|1
164975135|2
164975138|2
164975141|1
164975143|1
164975146|1
164975152|1
164975157|1
164975163|1
164975165|1
164975168|1
164975173|1
164976039|3
164976427|4
164976446|3
164976710|3
164976730|2
164976735|4
164976741|2
164976904|1
164977092|3
164977100|4
164977110|2
164977556|6
164977567|3
164977569|3
164977571|3
164977574|5
164977576|2
164977601|2
164977701|2
164977750|1
164977835|1
164977943|1
164977945|1
164977947|1
164977949|1
164977951|1
164977953|1
164977955|1
164977968|2
164977980|5
164977999|1
164978001|1
164978003|1
164978005|1
164978007|1
164978009|1
164978011|1
164978013|1
164978015|1
164978017|1
164978019|1
164978021|1
164978023|1
164978027|1
164978029|1
164978031|1
164978033|1
164978035|1
164978039|1
164978041|1
164978043|1
164978289|1
164978291|1
164978301|1
164978303|1
164978305|1
164978307|1
164978309|1
164978311|1
164978425|28
164979172|5
164979177|13
164979778|1
164979786|4
164979884|3
164979947|3
164979994|1
164980059|15
164980092|2
164980101|1
164980115|9
164980200|2
164980214|3
164980225|2
164980420|6
164980435|1
164980512|6
164980603|4
164980806|1
164980821|2
164980856|1
164982241|1
164982245|1
164982247|1
164982249|1
164982251|1
164982253|1
164982255|1
164982325|1
164982327|1
164982329|1
164982331|1
164982333|1
164982336|1
164982338|1
164982343|1
164982345|1
164982348|1
164982350|1
164982352|1
164982354|1
164982957|3
164983491|1
164983493|1
164983495|1
164983497|1
164983499|1
164983503|1
164983505|1
164983507|1
164983567|1
164983569|1
164983582|1
164983584|1
164983586|1
164983588|1
164983590|1
164983592|2
164983631|2
164983773|7
164983797|9
164983843|1
164983978|6
164984873|2
164984932|1
164985782|1
164985784|1
164985786|1
164985788|1
164985790|1
164985792|1
164985794|1
164985838|1
164985840|1
164985842|1
164985844|2
164985848|1
164985852|1
164985854|1
164985856|1
164985858|1
164985860|1
164985862|1
164985864|1
164985867|1
164985937|1
164986138|1
164986140|1
164986142|1
164986144|1
164986166|1
164986168|1
164986207|1
164986209|1
164986211|1
164986215|1
164986236|1
164986238|1
164986247|1
164986249|1
164986251|1
164986253|1
164986445|4
164986451|1
169508898|2
169509772|11
169509853|3
169510186|1
169510188|1
169510190|1
169510192|1
169510194|1
169510196|1
169510198|1
169510244|1
169510246|1
169510248|1
169510251|1
169510254|1
169510256|1
169510258|1
169510271|2
169510307|1
169510309|1
169510311|1
169510313|1
169510315|1
169510317|1
169510319|1
169510321|1
169510323|1
169510325|1
169510327|1
169510329|1
169510333|1
169510335|1
169510366|1
169510368|1
169510378|1
169510380|1
169510382|1
169510384|1
169510386|1
169510388|1
169510410|3
169510432|10
169510434|13
169510438|12
169510440|7
169510447|20
169510473|2
169511091|37
169511136|5
169511197|4
169511225|3
169511914|6
169511917|2
169512504|14
169513202|20
169513980|1
169514027|1
169514029|1
169514033|1
169514036|1
169514038|1
169514043|1
169514046|1
169514048|1
169514105|1
169514107|1
169514139|1
169514141|1
169514143|1
169514145|1
169514147|1
169514153|1
169514237|1
169514239|1
169514241|1
169514243|1
169514245|1
169514247|1
169514249|1
169514299|1
169514301|1
169514303|1
169514305|1
169514307|1
169514309|1
169514311|1
169514588|1
169514590|1
169514592|1
169514594|1
169514596|1
169514599|1
169515233|4
169516046|14
169516127|3
169516225|53
169516266|1
169516351|20
169516358|1
169516360|1
169516362|1
169516365|1
169516367|1
169516390|1
169516394|1
169516396|1
169516452|1
169516456|1
169516466|8
169516477|1
169516479|1
169516486|37
169516493|1
169516495|1
169516497|1
169516500|1
169517041|21
169517133|6
169517214|39
169517222|5
169517453|13
169517487|2
169518251|29
169518272|2
169518285|1
169518287|1
169518289|1
169518291|1
169518293|1
169518295|1
169518297|1
169518339|1
169518341|1
169518343|1
169518345|1
169518347|1
169518349|1
169518351|1
169518353|4
169518355|1
169518357|1
169518359|1
169518361|1
169518363|1
169518365|1
169518757|10
169519261|3
169519532|2
169519717|8
169520625|54
169520910|1
169521128|6
169521130|7
169521132|6
169521134|5
169522184|1
169522186|1
169522188|1
169522190|1
169522193|1
169522195|1
169522197|1
169522272|1
169522274|1
169522276|1
169522278|1
169522280|1
169522282|1
169522284|1
169522286|1
169522288|1
169522290|1
169522292|1
169522294|1
169522296|1
169522322|1
169522324|2
169522333|1
169522335|1
169522343|1
169522345|1
169522481|1
169522483|1
169522485|1
169522489|1
169522491|1
169522493|1
169522519|3
169522521|4
169522548|1
169522557|1
169522560|1
169522562|1
169522565|1
169522655|2
169522674|3
169522687|5
169522700|2
169522723|1
169522798|7
169523002|1
169523259|6
169523260|2
169523456|6
169523657|6
169523672|7
169523678|11
169523682|4
169523701|2
169523712|4
169523750|3
169523779|1
169523823|1
169523904|1
169523922|14
169524018|15
169524045|5
169524091|1
169524273|1
169524275|1
169524281|1
169524283|2
169524285|1
169524317|2
169524325|5
169524328|4
169524389|5
169524419|1
169524421|5
169524426|9
169524437|4
171311200|1
171311311|30
171311419|2
171311503|3
171311535|2
171311619|2
171311630|2
171311659|1
171311662|1
171311695|1
171311723|1
171311893|2
171311910|14
171311948|2
171312023|1
171312052|1
171312054|1
171312062|3
171312089|4
171312095|2
171312098|3
171312291|2
171312293|2
171312332|2
171312343|3
171312652|10
171312656|5
171312717|1
171312719|1
171312721|1
171312723|1
171312725|1
171312727|1
171312729|1
171312731|1
171312733|1
171312735|1
171312737|1
171312739|1
171312741|1
171312743|1
171312801|1
171312803|1
171312805|1
171312807|1
171312809|1
171312811|1
171312813|1
171312815|1
171312817|1
171312819|1
171312821|1
171312823|1
171312825|1
171312827|1
171312829|1
171312831|1
171312841|1
171312843|1
171312845|1
171312849|1
171312851|1
171312853|1
171312879|1
171312881|1
171312885|1
171312891|1
171312893|1
171313337|1
171313339|1
171313341|1
171313343|1
171313351|1
171313353|1
171313357|1
171313359|1
171313361|1
171313363|1
171313366|1
171313368|1
171313370|1
171313372|1
171313378|1
171313380|1
171313398|1
171313400|1
171313403|1
171313405|1
171313536|8
171313576|1
171313590|8
171313806|1
171313835|7
171313852|2
171314218|1
171314228|1
171314679|1
171314683|1
171314685|1
171314687|1
171314689|1
171314691|1
171314693|1
171314721|1
171314723|1
171314726|1
171314728|1
171314730|1
171314734|1
171314736|1
171314740|1
171314742|1
171314746|1
171314748|1
171314752|1
171314759|1
171314765|1
171314767|1
171314776|1
171314871|4
171314988|3
171315021|1
171315074|1
171315556|4
171315572|5
171315603|6
171315694|5
171315733|1
171315735|1
171315737|1
171315741|1
171315887|2
171315911|1
171315993|7
171315998|9
171316046|6
171316518|1
171316520|3
171316528|4
171316537|2
171316714|1
171316725|5
171316980|1
171317647|9
171317649|12
171317685|7
171317687|2
171318637|18
171318646|6
171318676|3
171318727|3
171318829|1
171318911|1
171318913|1
171318922|1
171319084|4
171319102|12
171319106|12
171319200|6
171319235|14
171319544|1
171319671|8
171319865|1
171319867|1
171319869|1
171319871|1
171319874|1
171319876|1
171319878|1
171319912|1
171319917|1
171319921|1
171319925|1
171319929|1
171319935|1
171319938|1
171319940|1
171319942|1
171319945|1
171319949|1
171319955|1
171319959|1
171319981|1
171319987|1
171319990|1
171320095|10
171320246|2
171320251|6
171320255|6
171320261|2
171320276|3
171320314|2
171320365|1
171320551|7
171320894|2
171320898|1
171320900|3
171320904|1
171321502|1
171321504|1
171321506|1
171321510|2
171321513|1
171321542|1
171321550|1
171321552|1
171321557|1
171321559|1
171321610|15
171321614|5
171321616|18
171321618|3
171321620|11
171321630|12
171321632|11
171321636|43
171321638|5
171321642|1
171321644|2
171321646|1
171321648|16
171321659|2
171321735|1
171321739|1
171321741|1
171321743|1
171321745|1
171321747|1
171321749|1
171321751|1
171321783|1
171321785|1
171321787|1
171321789|1
171321791|1
171321793|1
171321796|1
171321798|1
171321800|1
171321804|1
171321806|1
171321808|1
171321810|1
171321818|1
171321824|1
171321826|1
171321949|27
171322147|19
171322203|13
171322205|41
171322207|24
171322208|3
171322216|6
171322297|51
171322299|6
171322305|6
171322307|9
171322309|7
171322324|7
171322421|16
171322444|16
171322448|29
171322466|3
171322468|26
171322470|24
171322472|15
171322475|5
171322477|4
171322490|3
171322569|12
171322571|8
171322601|7
171322606|26
171322633|35
171322691|6
171322825|1
171322831|13
171322875|8
171322877|8
171322879|3
171322919|3
171322954|3
171322959|3
171322961|7
171322964|4
171322984|6
171322994|2
171323019|8
171323116|4
171323167|2
171323299|8
171323413|1
171323439|10
171323451|4
171324171|16
171324300|35
171324302|12
171324304|13
171324306|7
171324357|3
171324418|5
171324483|10
171324518|12
171324520|7
171324522|9
171324524|4
171324526|7
171324530|4
171324534|51
171324536|23
171324538|9
171324540|14
171324550|7
171324552|6
171324554|10
171324556|4
171324560|6
171324672|21
171324684|8
171324687|8
171324800|1
171324868|14
171325156|65
171325177|3
171325189|2
171325203|7
171325207|6
171325309|5
171325635|3
171325638|2
171325662|1
171325858|12
171325883|5
171326046|3
171326266|3
171326292|3
171326587|3
171326651|1
171326661|9
171327572|1
171327574|1
171327576|1
171327578|1
171327580|1
171327582|1
171327612|1
171327614|1
171327616|1
171327619|1
171327621|1
171327623|1
171327625|1
171327627|1
171327629|1
171327631|1
171327633|1
171327636|1
171327638|1
171327645|1
171327655|1
171327658|1
171327718|14
171328013|5
171328018|6
171328393|1
171328395|1
171328415|2
171328416|2
171328420|1
171328422|1
171328424|1
171328427|1
171328429|1
171328434|1
171328437|1
171328439|1
171328441|1
171328443|1
171328457|1
171328459|1
171328462|1
171328464|1
171328466|1
171328468|1
171328471|1
171328476|1
171328481|1
171328492|1
171328494|1
171328500|4
171328508|9
171328511|6
171328521|10
171328523|7
171328525|1
171329064|1
171329422|1
171329426|2
171330135|23
171330396|1
171330398|1
171330400|1
171330402|1
171330404|1
171330406|1
171330408|1
171330410|1
171330412|1
171330414|1
171330416|2
171330419|1
171330421|1
171330427|1
171330433|1
171330435|1
171330441|1
171330443|1
171330585|1
171330587|1
171330589|1
171330591|1
171330593|1
171330595|1
171330597|1
171330621|8
171330670|3
171330746|1
171330748|4
171330765|8
171330767|2
171330770|1
171330820|6
171330887|2
171330918|14
171330948|1
171331169|1
171331964|1
171331980|1
171331983|1
171331985|1
171331987|1
171331989|1
171331991|1
171331993|1
171331995|1
171331997|1
171331999|1
171332001|1
171332003|1
171332005|1
171332024|1
171332031|1
171332033|1
171332039|1
171332041|1
171332432|4
171332504|1
171332747|9
171333209|16
171333495|1
171333744|11
171333909|1
171333911|1
171333921|1
171333927|1
171333929|1
171333931|1
171333950|1
171333956|1
171333958|1
171333960|1
171334713|1
171334716|4
171334722|5
171334797|2
171335099|3
171335315|1
171335317|1
171335319|1
171335321|1
171335323|1
171335325|1
171335327|1
171335329|1
171335331|1
171335333|1
171335335|1
171335337|1
171335339|1
171335345|1
171335351|1
171335353|1
171335359|1
171335361|1
171335593|3
171335745|1
171335747|3
171335889|3
171335894|2
171335899|2
171336000|1
171336008|6
171336019|5
171336289|2
171336574|10
171338164|1
171338166|2
171338170|3
171338174|2
171338176|2
171338180|2
171338182|1
171338184|1
171338187|1
171338189|2
171338192|1
171338196|1
171338435|1
171338437|1
171338439|1
171338442|1
171338444|1
171338446|1
171338448|1
171338450|1
171338453|1
171338455|1
171338458|1
171338467|1
171338469|1
171338475|1
171338481|1
171338483|1
171338491|1
171338493|1
171338496|1
171339231|1
171340238|3
171340664|2
171340667|1
171340746|4
171341299|1
171341301|1
171341303|2
171341305|2
171341309|1
171341311|1
171341313|1
171341315|1
171341317|1
171341319|1
171341323|1
171341325|1
171341331|1
171341333|1
171341359|1
171341361|1
171341363|1
171341366|1
171341370|1
171341375|1
171341379|1
171341383|1
171341388|1
171341393|1
171341395|1
171341397|1
171341399|1
171341401|1
171341402|1
171341406|1
171341411|1
171341413|1
171341417|1
171341420|1
171341422|1
171341428|1
171341430|1
171341432|1
171341759|2
171342805|9
176063181|1
176063183|1
176063185|1
176063187|1
176063190|1
176063193|1
176063195|1
176063202|1
176063204|1
176063206|1
176063208|1
176063210|1
176063217|1
176063223|1
176063225|1
176063231|1
176063233|1
176063235|1
176063251|1
176063253|1
176063255|1
176063257|1
176063259|1
176063261|1
176063263|1
176063273|1
176063276|1
176063316|1
176063740|1
176063747|1
176063754|1
176063758|1
176063764|1
176064424|3
176065248|2
176065253|2
176065412|1
176065414|1
176065416|1
176065418|1
176065421|1
176065423|1
176065425|1
176065433|1
176065435|1
176065438|1
176065440|1
176065443|1
176065449|1
176065455|1
176065457|1
176065465|1
176065467|1
176065469|1
176065588|4
176489414|7
176489547|1
176489648|2
176489685|10
176489717|6
176490491|1
176490493|1
176490495|1
176490497|1
176490499|1
176490501|1
176490503|1
176490513|1
176490515|1
176490865|2
176491257|7
176491556|6
176491818|5
176491862|2
176491865|1
176492540|2
176492706|3
176492750|5
176492753|1
176493724|1
176494778|1
176494780|1
176495111|5
176495121|1
176495443|2
176495498|1
176495607|1
176495612|1
176495616|1
176495620|1
176495641|1
176495645|1
176495647|1
177995828|1
177995941|1
177995946|1
177995948|1
177995950|1
177995952|1
177995955|1
177995972|1
177995974|2
177996011|1
177996153|1
177996169|1
177996176|2
177996199|1
177996201|2
177996204|1
177996206|1
177996220|1
177996236|1
177996250|1
177996259|1
177996260|1
177996262|1
177996264|1
177996266|2
177996268|1
177996270|2
177996274|2
177996279|2
177996281|2
177996369|2
177996373|1
177996377|1
177996379|1
177996382|1
177996958|1
177997085|1
177997157|4
177997237|1
177997637|1
177997901|2
177998523|1
177998658|1
177999440|4
177999564|1
177999600|3
177999604|1
177999610|1
177999617|1
177999623|1
177999756|1
177999761|1
178000413|1
178000419|1
178000421|1
178000423|1
178000426|1
178000427|1
178000429|1
178000465|1
178000467|1
178000469|1
178000471|1
178000473|1
178000478|1
178000524|1
178000526|1
178000568|2
178000574|1
178000580|1
178000584|1
178000594|2
178000601|1
178000603|1
178000605|1
178000612|1
178000615|1
178000619|1
178000622|1
178000623|1
178000625|2
178000628|1
178000631|1
178000635|1
178000644|1
178000650|1
178001012|4
178001834|7
178003568|1
178003790|5
178004347|22
178004391|1
178004401|3
178004406|4
178004409|3
178004415|3
178004418|2
178004421|3
178004424|3
178004427|2
178004430|3
178004432|2
178004435|4
178004437|2
178004440|2
178004444|2
178004447|2
178004468|2
178004470|2
178005032|2
178005154|1
178005293|3
178005367|1
178006371|6
178006559|2
178006562|2
178006564|2
178006566|2
178006568|2
178006570|2
178006574|2
178006585|1
178006668|2
178006954|1
178006986|1
178006988|1
178007057|1
178007060|1
178007062|1
178007069|2
178007075|1
178007372|6
178007395|3
178007398|2
178007432|9
178007446|1
178007464|1
178007470|1
178007472|1
178007478|1
178007480|1
178007482|1
178007487|9
178007521|2
178007525|1
178007529|1
178007531|1
178007533|1
178007535|1
178007538|1
178007562|2
178007589|2
178007709|1
178007715|1
178007736|2
178007738|1
178007808|1
178007810|1
178007812|1
178007814|1
178007816|1
178007818|1
178007822|2
178007825|1
178007885|3
178007892|59
178008564|1
178011039|1
178011322|11
178011678|2
178011928|2
178012193|2
178012274|1
178012276|1
178012278|1
178012280|1
178012282|1
178012284|1
178012313|2
178012511|1
178012513|1
178012515|1
178012517|1
178012519|1
178012521|1
178012525|1
178012527|1
178012674|1
178012676|2
178012687|1
178012692|1
178012704|1
178012710|1
178012712|1
178012714|1
178012720|1
178012724|1
178012727|1
178012733|1
178012747|1
178012785|1
178012794|1
178012798|1
178012800|1
178012802|1
178012804|1
178012806|1
178012936|3
178012970|2
178012972|2
178012975|2
178012983|2
178012985|1
178013412|5
178016161|5
178016602|1
178016880|12
178016900|5
178017222|3
178017330|1
178017334|1
178017378|1
178017417|2
178017424|7
178017481|4
178017494|2
178018379|5
178019169|1
178019171|2
178019179|1
178019251|3
178019279|5
178019298|4
178019462|1
178019468|1
178019472|1
178019474|1
178019476|1
178019478|1
178019480|1
178019547|2
178019549|1
178019552|1
178019554|1
178019556|1
178019558|2
178019764|1
178019766|1
178019768|1
178019771|1
178019773|1
178019775|1
178019780|1
178019783|1
178019830|1
178019833|1
178019836|1
178019841|1
178019847|1
178019852|1
178019855|1
178019872|2
178019885|1
178019909|3
178021251|5
178021259|1
178021642|2
178022741|1
178022743|1
178022745|3
178022747|2
178022749|2
178022751|2
178022969|2
178023505|32
178023778|1
178024179|1
178024263|1
178024266|1
178024268|1
178024270|1
178024272|1
178024274|1
178024277|1
178024420|5
178024474|3
178024651|10
178024662|4
178024679|15
178024690|8
178024693|9
178024772|5
178024942|4
178025088|8
178025235|1
178025268|1
178025361|9
178025518|7
178025723|4
178026493|2
178026720|8
178027071|2
178027240|2
178027556|2
178027564|1
178027621|3
182419745|3
182419863|11
182420658|2
182420687|11
182421654|3
182422541|3
182422748|5
182422792|3
182422927|21
182422969|6
182422980|17
182423014|36
182423052|3
182423900|2
182425577|3
182426085|1
182426454|1
182426490|2
182426754|4
184385813|6
184385956|5
184386260|2
184386263|3
184386266|6
184386296|8
184386299|6
184386301|9
184386303|10
184386465|3
184388774|1
184388801|2
184388925|2
184388933|3
184389142|1
184389502|5
184389506|1
184389508|1
184389513|1
184389516|1
184389518|1
184389521|2
184389523|1
184389818|12
184389999|3
184390375|2
184390622|10
185729285|2
185729505|4
185729577|1
185729648|1
185729719|1
185729814|2
186548445|50
186548481|2
186548488|2
186548526|3
186549344|11
186549345|5
186549346|3
186549349|3
186549350|3
186549356|2
186549357|1
186549358|1
186549363|1
186549365|2
186549366|1
186549367|1
186549368|3
186549369|2
186549370|4
186549371|3
186549374|2
186549375|1
186549384|1
186549389|1
186549397|1
186549687|2
186549688|1
186549689|1
186549690|1
186549691|1
186549785|2
186549786|1
186549787|1
186549788|1
186549789|1
186550995|2
186550997|2
186551013|2
186551018|1
186551124|2
186551264|2
186551560|2
186551636|2
186552056|3
186553875|1
186554480|1
186554546|3
186554553|10
186554563|4
186554565|5
186554730|4
186555272|1
186555281|2
186555289|4
186555341|1
186555491|12
186555546|4
186556421|1
186556470|5
186556476|4
186556623|5
186556719|9
186557060|7
186557855|1
186557862|2
186557944|1
186558001|2
186558007|3
186558332|4
186558647|3
186558692|1
186558849|1
186559040|2
186559051|5
186559214|3
186559691|2
186559981|1
186560050|2
186560221|9
186560262|2
186560294|6
186560313|9
186560402|19
186560652|5
189071550|2
189071566|20
189071635|2
189071638|3
189071997|6
189072038|2
189073071|2
189073083|2
189073086|1
189073155|2
189073302|4
189073305|3
189073350|30
189073352|2
189073356|2
189073358|2
189073360|2
189073362|3
189073364|2
189073366|2
189073368|2
189073385|1
189075923|5
189076341|2
189076684|2
190349491|3
190349604|9
190349668|1
190349788|3
190349923|7
190349939|2
190349957|3
190939304|2
190939308|6
190939310|1
190939312|1
190939314|1
190939779|1
190939781|1
190939783|1
190939785|1
190939832|1
190941465|30
190941772|2
190941833|2
190941855|2
190942322|3
